t(s)	ps01	ps02	ps03	ps04	ps05	ps06	ps07	ps08	ps09	ps10	ps11	ps12	ps13	ps14	ps15	ps16	ps17	ps18	ps19	ps20	ps21	
0.110055	4.59263e-005	1.94545e-005	0.000102331	0.00014916	-8.0551e-005	5.94312e-005	3.22691e-005	0.000104238	8.33919e-005	2.705e-005	4.85656e-005	0.000156831	0.000151381	0.000131625	0.000132432	0.000158193	0.000153153	-6.68214e-005	-2.17749e-005	4.34916e-005	-1.62242e-006	
0.111076	-9.75783e-006	-4.74755e-005	-8.00652e-005	-0.000197913	-0.00031228	-0.000103044	-2.32838e-005	5.88045e-005	2.06671e-005	-4.04973e-006	4.44773e-005	7.96336e-005	4.1311e-005	1.23102e-005	-0.000106212	-0.00010571	-0.000171366	-0.000221424	-0.000166569	-0.000126542	-7.66875e-005	
0.11216	-2.85521e-005	-5.87048e-005	-0.000126441	3.6698e-006	-7.0204e-005	-4.69837e-005	5.09361e-006	1.04921e-005	5.76574e-005	-4.30421e-006	-1.77887e-005	-2.25516e-005	-1.92445e-005	1.48551e-005	-0.000108224	-6.00568e-005	-2.52621e-005	-0.000113691	-8.14012e-005	-6.58234e-005	-5.6858e-005	
0.113181	3.71077e-006	-4.34889e-005	-7.6793e-005	-2.4111e-005	-3.63887e-005	-2.96845e-005	1.84186e-005	7.72433e-006	1.7255e-005	3.48397e-005	-5.46348e-006	6.92815e-007	-1.62617e-005	-1.56752e-005	-1.80019e-005	-4.86854e-006	-1.39179e-005	-9.46159e-005	-8.51313e-005	-7.04731e-005	-5.27174e-005	
0.114202	6.5454e-005	-3.25138e-005	1.09326e-005	3.62818e-005	-1.53002e-005	9.56282e-006	1.98209e-005	-6.66671e-006	-1.25724e-005	7.8009e-005	4.70179e-005	5.75192e-005	5.21899e-005	5.21949e-005	4.11704e-005	2.49583e-005	3.81819e-005	-2.48202e-005	-1.80944e-005	-2.76149e-005	-5.05676e-005	
0.115287	-2.43767e-005	-9.64852e-005	2.38006e-005	9.69181e-006	-2.74097e-005	1.03218e-005	-9.57325e-005	1.01979e-005	-4.71878e-005	-1.96693e-005	-4.13936e-005	2.05713e-005	2.45868e-005	4.60403e-005	1.99651e-005	2.80972e-005	-2.48502e-006	-4.57056e-005	-4.28676e-005	5.90739e-006	-2.76068e-005	
0.116307	7.30998e-006	-2.15428e-005	-0.000104301	4.79719e-005	-0.000177296	-0.000115999	-1.64552e-005	-1.87928e-005	-2.05134e-005	5.62022e-005	-8.41999e-006	2.62592e-005	1.64368e-005	1.06304e-006	-3.56333e-005	-9.85045e-006	1.04688e-005	-0.00019486	-0.000162936	-0.000115049	-0.00010919	
0.117392	7.16632e-005	-7.9094e-005	-4.54441e-005	-0.000124659	-0.000221064	-1.0042e-005	-1.35615e-005	4.71686e-005	2.65944e-005	5.4002e-005	3.61561e-005	-1.22321e-005	2.74991e-007	7.69967e-005	-5.82059e-005	-1.60694e-005	-4.66646e-005	-0.000237765	-0.00017348	-0.000101898	-2.55617e-005	
0.118413	5.65687e-005	-4.59534e-005	1.23828e-006	-7.17748e-005	-0.000218948	-4.20071e-005	-4.72122e-005	6.26019e-005	1.20238e-005	3.67237e-005	4.25239e-005	6.52858e-005	0.0001146	0.00010617	-3.23467e-006	2.81705e-005	-4.88391e-005	-0.000183351	-8.78929e-005	-5.62309e-005	-6.09647e-005	
0.119497	2.94177e-005	-4.54529e-005	5.22257e-005	6.17666e-005	2.24369e-005	9.05566e-008	-1.15441e-005	-4.10317e-005	-1.65758e-005	4.36408e-005	4.63937e-005	4.81648e-005	9.28284e-005	0.000122249	8.00655e-005	8.14699e-005	4.054e-005	-6.60773e-005	-5.20974e-005	-3.15249e-005	-8.51362e-005	
0.120518	-3.47186e-005	-0.00010332	-7.26788e-005	-0.000122051	-0.000134842	2.28898e-005	5.58122e-006	9.56957e-005	6.50162e-005	1.63867e-005	-7.87146e-005	-1.75418e-005	-4.7572e-005	-1.6961e-005	-7.25108e-005	-4.97075e-005	-6.09404e-005	-0.000146671	-8.51479e-005	-2.93836e-005	-1.99058e-005	
0.121603	-3.8791e-005	-9.0752e-005	5.04386e-005	-6.6378e-005	-0.000252469	7.84114e-006	4.25422e-005	3.00704e-005	3.0763e-005	1.2419e-005	-4.44253e-005	2.12262e-005	9.97705e-005	0.000111992	3.06892e-005	6.57995e-005	-1.36544e-005	-0.000196636	-0.000123904	-5.07238e-005	-5.71426e-005	
0.122624	6.488e-005	-4.62216e-005	-1.98972e-005	-0.000296606	-0.000439179	-3.01299e-005	3.97186e-005	2.38035e-005	4.04602e-005	5.40866e-005	4.02515e-005	5.71216e-005	2.24255e-005	5.98827e-005	-3.91866e-005	-9.40192e-005	-0.000193877	-0.000312912	-0.000205407	-8.63481e-005	-4.78877e-005	
0.123708	-2.31368e-005	-0.000189284	-0.000105754	-0.000162021	-0.000358903	-0.000106247	2.81752e-005	6.18687e-005	0.000108017	1.83226e-005	-5.50245e-005	-7.45992e-005	-4.30929e-005	-6.51489e-007	-9.2112e-005	-5.47009e-005	-0.000105297	-0.000296628	-0.000200374	-0.000147312	-6.6472e-005	
0.124729	6.28641e-005	-3.89979e-005	8.70332e-006	5.41465e-005	-2.26035e-007	-3.97907e-005	-2.20826e-005	-9.37309e-006	-1.60757e-005	4.75806e-005	4.59786e-005	9.48631e-005	8.22061e-005	0.00010074	4.30582e-005	3.72796e-005	7.0031e-005	-7.32875e-005	-5.32307e-005	-6.23152e-005	-4.83353e-005	
0.125814	4.21683e-005	-0.000102113	3.17282e-006	5.03567e-005	-0.000172104	-2.04481e-005	-5.96016e-005	-1.49101e-005	-3.1366e-005	1.96354e-005	1.36676e-005	-1.63878e-006	-8.65759e-006	4.75115e-005	1.81852e-005	8.47275e-005	5.31836e-005	-0.000140836	-0.000114978	-6.60887e-005	-6.18892e-005	
0.126834	-1.5533e-005	-0.00013782	-0.000124511	-0.00015565	-0.000281261	-1.22011e-005	5.37786e-005	1.75677e-005	2.98858e-005	1.81377e-005	-6.80047e-005	-4.4088e-005	-3.04875e-005	-3.32925e-005	-0.000102357	-8.3193e-005	-0.000115457	-0.000216131	-0.000138893	-7.30417e-005	-5.23576e-005	
0.127855	3.90485e-005	-5.6124e-005	3.47883e-006	-0.000171935	-0.000264861	2.82559e-005	3.02504e-005	5.57658e-005	5.84545e-005	3.38032e-005	-5.9394e-006	2.46033e-005	3.97433e-005	5.88139e-005	-4.48178e-006	-4.13937e-005	-0.000113873	-0.000191172	-7.44581e-005	-2.24249e-005	-1.23545e-005	
0.12894	-2.5593e-005	-0.000106312	-9.10485e-006	-2.90339e-005	-0.000138146	1.88461e-005	-6.46098e-005	2.67169e-005	7.07378e-006	-1.61464e-005	-1.11454e-005	1.74504e-005	4.63806e-005	7.28361e-005	-3.89342e-005	-4.41175e-005	-6.73862e-005	-9.84415e-005	-5.20134e-005	-1.72223e-005	-6.47734e-005	
0.129961	2.7424e-005	-5.18052e-005	-0.000157225	-0.000304258	-0.000426129	-9.86541e-005	-3.21794e-006	3.23662e-005	2.20757e-005	4.08398e-005	3.13152e-005	-2.21775e-006	3.89568e-006	-2.52069e-006	-0.000132415	-0.000177778	-0.000225558	-0.000361486	-0.000299719	-0.000230996	-5.94333e-005	
0.131045	6.83976e-005	-5.66378e-005	-1.14098e-005	0.000179835	-4.8673e-005	-5.59321e-005	8.77221e-006	4.6188e-005	5.47731e-005	5.38728e-005	5.53214e-005	2.81328e-005	7.98563e-005	8.61947e-005	5.62605e-005	0.000120787	0.000128873	-8.77223e-005	-7.85097e-005	-8.6603e-005	-7.18032e-005	
0.132066	3.89606e-005	-0.000127666	-1.97997e-005	0.000135649	-9.01208e-005	-4.43517e-006	-5.83714e-005	4.41898e-005	-1.36854e-005	3.67653e-005	-7.53457e-006	3.18077e-005	4.43704e-005	5.20466e-005	2.57898e-005	9.51898e-005	8.57777e-005	-9.82124e-005	-8.64129e-005	-3.94061e-005	-5.53835e-005	
0.133151	-2.40796e-005	-0.000105893	-1.11372e-005	-8.43271e-005	-0.000108449	-1.54991e-005	8.30016e-005	1.59895e-005	5.07133e-005	3.54611e-005	-3.33371e-005	3.78155e-005	7.19164e-005	7.26321e-005	2.51282e-005	-4.10396e-005	-8.29356e-005	-0.00011962	-9.91602e-005	-4.59234e-005	-5.78032e-005	
0.134171	-6.56749e-005	-0.000165776	-2.98834e-005	6.13912e-005	-5.61498e-005	-1.96568e-005	-2.59106e-005	1.08627e-005	1.18935e-005	-2.49424e-005	-7.10481e-005	-4.48619e-005	-3.3356e-005	1.51359e-006	-2.45811e-005	2.84699e-005	-4.56619e-006	-9.16771e-005	-6.55653e-005	-5.08559e-005	-7.5893e-005	
0.135256	2.42717e-005	-5.72982e-005	-6.60705e-006	-6.62971e-006	-0.000120414	7.38329e-006	-3.65295e-005	4.34522e-005	2.52275e-005	2.04113e-005	2.02582e-005	2.04018e-005	2.47655e-005	2.70727e-005	-9.06258e-006	2.38228e-005	7.63692e-006	-0.000112789	-8.30355e-005	-2.69323e-005	-4.49708e-005	
0.136277	5.79517e-006	-6.06501e-005	-4.51136e-008	8.31284e-005	-9.93125e-006	3.10212e-005	6.03982e-005	6.39387e-005	4.55594e-005	5.13864e-005	-2.0265e-006	5.716e-005	5.81655e-005	5.30766e-005	5.48421e-005	0.000100122	3.77226e-005	-4.35208e-005	-3.56528e-006	-5.5118e-006	-1.59504e-005	
0.137361	0.00011852	-6.23421e-005	-7.54468e-006	0.000160588	-3.82972e-005	-9.43497e-006	3.68797e-005	3.53671e-005	5.54025e-005	9.64515e-005	6.15188e-005	3.29258e-005	4.93216e-005	6.23935e-005	1.5854e-005	7.88918e-005	0.000116905	-5.21507e-005	-2.55332e-005	1.16016e-005	-5.45192e-005	
0.138382	1.33427e-005	-0.000111609	-9.39989e-005	-0.000259055	-0.000398513	-5.30914e-005	1.766e-005	4.27169e-005	-5.70821e-006	4.23023e-005	-1.60061e-005	-8.57251e-006	-5.42031e-006	4.49975e-006	-8.83718e-005	-0.000108045	-0.000166712	-0.00034147	-0.000264686	-0.000168909	-6.38493e-005	
0.139403	-1.18459e-005	-5.37532e-005	-5.7007e-005	-1.26765e-005	-0.000191267	-2.97704e-005	-9.1412e-005	7.02935e-007	1.04629e-005	-1.30656e-005	2.76287e-005	6.59335e-006	-1.28656e-005	1.93778e-006	-4.6817e-005	-6.35509e-006	-2.06615e-005	-0.000219017	-0.000169205	-0.000115199	-8.51681e-005	
0.140488	-2.69356e-005	-5.77057e-005	6.46542e-006	8.65816e-005	-4.80665e-005	-3.08639e-005	-7.95809e-005	6.2597e-005	2.22377e-005	-2.68233e-006	-1.40418e-005	7.15532e-005	7.53173e-005	7.70608e-005	6.17372e-006	7.95367e-005	4.73972e-005	-0.000104576	-7.67659e-005	-8.33496e-005	-2.40081e-005	
0.141508	4.55986e-005	-0.00013129	-2.56112e-005	-0.000100191	-9.66317e-005	-1.64376e-005	4.36787e-005	-1.69413e-005	1.34078e-005	8.23976e-005	2.75098e-005	-3.13498e-005	5.5833e-006	6.53087e-005	-2.75793e-005	-5.45739e-005	-8.85519e-005	-9.63378e-005	-6.96202e-005	-6.99402e-005	-9.18335e-005	
0.142593	3.11478e-005	-9.53301e-005	1.20352e-005	0.000239624	7.25792e-005	7.44427e-006	2.4423e-005	1.03827e-005	4.16387e-006	3.82302e-005	1.47118e-006	5.62464e-005	3.8929e-005	4.15129e-005	8.52095e-005	0.000149045	0.000173466	-3.30537e-005	7.49339e-006	-2.75317e-005	-8.20827e-005	
0.143614	9.32869e-005	-4.81375e-005	8.27996e-005	-4.70637e-005	-0.000123758	1.46092e-005	-5.41308e-005	5.687e-005	2.47799e-005	3.43784e-005	6.93578e-005	8.25922e-005	0.000123132	0.000155537	0.00010611	3.85762e-005	8.39431e-007	-0.000154453	-8.03422e-005	-1.69884e-005	-3.99587e-005	
0.144698	0.000104998	7.14105e-006	9.61423e-005	0.000139564	0.000175058	7.88698e-005	5.2824e-005	8.84067e-005	0.000122657	9.53353e-005	6.21273e-005	0.000163152	0.000189935	0.000157482	0.000136246	0.000132584	0.000114695	3.63283e-005	7.16478e-005	5.47519e-005	-3.13185e-005	
0.145719	2.20132e-006	-0.000115442	-1.67776e-005	-0.000116558	-0.000202552	-2.82737e-005	-3.72722e-005	-5.80931e-008	-3.4496e-005	3.36515e-005	1.45421e-005	3.08463e-005	6.90479e-005	9.99737e-005	-4.76213e-005	-3.61438e-005	-8.31784e-005	-0.000167402	-0.000127209	-6.17826e-005	-8.66573e-005	
0.146804	9.1703e-006	-8.97102e-005	-2.83584e-005	1.88009e-005	-1.31509e-005	6.91697e-005	-5.77976e-005	0.00010472	1.31697e-005	3.38225e-005	-1.34613e-005	-2.2999e-006	7.73989e-006	4.70707e-007	-2.27227e-005	1.62156e-005	1.45134e-005	-6.89283e-005	-9.92168e-006	8.73138e-006	-3.95621e-006	
0.147825	2.41566e-005	-7.52398e-005	1.87362e-005	5.9809e-005	-4.30553e-005	3.76363e-005	-8.137e-006	5.8649e-005	2.31877e-005	3.15765e-005	1.07466e-005	2.28346e-005	1.29696e-005	4.90914e-005	7.10013e-005	9.34676e-005	6.24049e-005	-7.00556e-005	-6.6078e-005	-6.08402e-005	-2.93183e-005	
0.148909	-6.55894e-006	-0.000106705	-5.54724e-005	3.3911e-005	-8.80279e-005	-3.93563e-005	7.07282e-005	2.84008e-006	4.1732e-005	5.07583e-005	-2.57487e-005	3.97318e-005	4.66701e-005	4.29429e-005	-5.02021e-005	-6.43027e-006	-1.08122e-005	-0.000130186	-9.48366e-005	-6.28085e-005	-7.07418e-005	
0.14993	5.6093e-006	-0.000127955	-6.39289e-005	-0.000171741	-0.000215053	-0.000103199	0.0001098	4.48983e-005	7.79812e-005	0.000118566	-2.27793e-005	5.90724e-006	6.10653e-005	7.38355e-005	-0.000100769	-9.95251e-005	-0.00016699	-0.00023562	-0.000157899	-0.000156713	-0.000113562	
0.150951	1.87956e-005	-0.000104506	-2.94482e-005	-0.000254602	-0.000393844	-0.000122061	2.3973e-005	8.324e-005	0.000105232	5.06405e-005	-2.18504e-005	9.33211e-005	0.000128002	0.000120157	-7.69991e-005	-0.000125242	-0.000184573	-0.000324258	-0.000240822	-0.000168073	-4.40744e-005	
0.152035	1.38134e-005	-6.75736e-005	2.89555e-005	0.000159623	0.000108815	4.93056e-006	7.36135e-006	3.00355e-005	1.65371e-005	4.8766e-005	-7.79522e-006	5.69458e-005	8.14039e-005	8.92765e-005	4.89553e-005	9.55959e-005	0.000121537	1.87805e-005	3.2572e-005	1.9286e-005	-8.10385e-005	
0.153056	5.99775e-006	-8.33576e-005	-1.24485e-005	-5.37674e-005	-0.000193165	-4.62304e-005	3.8625e-005	-1.13028e-005	1.4186e-005	6.18216e-005	-1.51105e-005	4.99871e-005	6.34307e-005	9.50925e-005	7.82871e-006	1.58486e-005	-4.84112e-005	-0.000204278	-0.000174655	-0.000116046	-5.74032e-005	
0.154141	-4.64178e-005	-0.000234256	-3.91733e-005	-0.000117158	-0.000228601	-0.000104821	-5.46108e-005	-2.59056e-005	-4.09426e-005	1.8474e-006	-7.58072e-005	-4.84912e-005	5.0735e-006	5.64766e-005	-1.8462e-005	-8.73549e-006	-7.92997e-005	-0.000188827	-0.000155955	-0.000111927	-9.84333e-005	
0.155162	-8.69638e-006	-0.000141518	2.68282e-005	-1.00761e-005	-0.000130981	2.11156e-005	-1.87259e-005	8.15471e-006	-2.19895e-005	3.70211e-005	-4.75034e-005	6.55165e-005	6.37348e-005	0.000112749	1.83275e-005	4.51532e-005	-1.56134e-005	-0.00014109	-0.000102277	-6.53172e-005	-4.50218e-005	
0.156246	-6.41482e-006	-8.21396e-005	6.9119e-005	3.81099e-005	-6.7189e-005	1.95864e-006	1.01019e-005	2.64875e-005	8.99356e-006	1.97024e-005	-4.13736e-005	4.06866e-005	8.55795e-005	0.000152229	6.72376e-005	8.95564e-005	7.62149e-005	-0.000122695	-6.83518e-005	-2.59576e-005	-3.52003e-005	
0.157267	-4.54467e-006	-6.76984e-005	-6.02599e-005	-0.000171592	-0.000305863	-8.60872e-005	2.66113e-005	4.58472e-005	3.28663e-005	4.67804e-005	-1.37754e-005	8.76884e-005	4.31716e-005	3.00735e-005	-7.16145e-005	-4.72379e-005	-0.000101696	-0.000308649	-0.000196175	-0.000168155	-0.000110186	
0.158352	2.97742e-005	-8.39359e-005	-5.24879e-005	-0.000206492	-0.000240089	-2.97361e-005	3.15948e-005	4.00976e-005	9.21051e-005	7.84003e-005	1.89818e-005	1.70169e-005	-3.66528e-006	3.18462e-005	-5.13754e-005	-5.18034e-005	-9.92281e-005	-0.000248748	-0.000163327	-5.71598e-005	-7.42868e-005	
0.159372	6.59889e-005	-0.000158793	-0.0001172	-0.000188794	-0.000335342	-0.000120793	-9.46146e-006	-3.90862e-006	3.37572e-005	6.58158e-005	-2.31022e-006	-5.32875e-006	4.49953e-006	2.83765e-006	-0.000104689	-4.29861e-005	-0.000109894	-0.000282906	-0.000216556	-0.000176169	-0.000111338	
0.160457	-2.50093e-005	-0.000143911	3.2144e-005	-7.21531e-005	-0.000238706	2.35857e-006	-6.06612e-005	2.59939e-005	-1.57343e-005	3.69451e-006	-2.78208e-005	3.85804e-005	5.16926e-005	0.000106032	6.20037e-005	-6.57631e-006	-7.7201e-005	-0.000183422	-0.000111559	-4.62506e-005	-5.38334e-005	
0.161478	3.23947e-005	-7.66208e-005	-2.7246e-005	2.2891e-005	-0.000145336	-4.72426e-005	-2.99291e-005	5.19706e-005	1.60894e-006	4.2142e-005	2.42796e-006	6.24957e-005	8.04911e-005	0.000100006	7.85141e-006	4.62779e-005	-1.56629e-005	-0.000137646	-9.47941e-005	-8.50819e-005	-4.4396e-005	
0.162562	5.11884e-005	-9.72293e-005	3.25006e-005	0.000188863	3.8362e-005	7.06082e-005	5.29188e-005	0.000172527	0.000129875	9.09518e-005	3.42465e-005	4.83569e-005	7.67938e-005	0.000118074	5.73008e-005	0.000145774	0.000121623	-4.52227e-005	5.19122e-006	2.40791e-005	2.77501e-005	
0.163583	-1.75997e-005	-0.000100759	-9.59279e-006	-0.000258	-0.000469059	-4.82836e-005	-3.67472e-006	7.44141e-005	6.2645e-005	3.98423e-005	-3.5888e-005	8.99688e-005	0.000136308	0.000114163	-4.60625e-005	-7.81787e-005	-0.000171584	-0.000338213	-0.000212525	-0.000114961	-3.02741e-005	
0.164604	1.74895e-005	-0.000157771	-9.63463e-006	-0.000249318	-0.000298587	-2.1413e-005	1.7991e-005	9.11955e-005	8.18843e-005	7.77061e-005	-2.4003e-005	2.67817e-005	1.95544e-005	7.71242e-005	-3.38282e-005	-3.29037e-005	-0.000158373	-0.00022555	-0.000140272	-7.00968e-005	-4.01156e-005	
0.165689	1.30545e-005	-8.56708e-005	-1.15344e-005	0.000106358	4.96142e-006	1.44923e-005	-2.52126e-005	1.61764e-005	3.91191e-006	7.42853e-005	-1.73452e-005	-5.57476e-006	-3.99115e-005	4.52242e-005	4.04103e-005	0.000122101	8.35438e-005	-5.93966e-005	-5.63374e-005	-2.6308e-005	-4.29749e-005	
0.166709	-1.27042e-005	-0.00017833	2.53451e-005	6.775e-005	2.07906e-005	2.01779e-005	6.04554e-005	3.82381e-005	6.32494e-005	5.50628e-005	-3.78503e-005	-1.15716e-005	5.25763e-005	8.72639e-005	7.18717e-005	5.18262e-005	4.98007e-005	-1.94489e-005	-1.20346e-005	2.59605e-005	-4.02643e-005	
0.167794	-2.52279e-005	-0.000119829	2.9161e-005	0.00025728	0.000154421	6.77905e-006	6.30237e-006	1.99462e-006	3.37304e-006	1.92546e-005	-4.6569e-005	7.67435e-005	9.31833e-005	0.000100087	5.61098e-005	0.000149534	0.000157102	4.15542e-005	1.73577e-005	-2.8222e-005	-5.86437e-005	
0.168815	2.8026e-006	-0.000120001	5.47034e-006	-4.16485e-006	-0.000248898	-6.23466e-005	5.4204e-005	1.83286e-005	5.05389e-005	6.85798e-005	2.36904e-006	1.61337e-005	5.79155e-005	0.000129905	1.33384e-005	7.6477e-005	5.78381e-005	-0.000198503	-0.000118908	-0.000109349	-7.73067e-005	
0.169899	3.44785e-005	-0.000103281	5.06796e-005	0.000391948	9.38645e-005	3.21642e-006	-2.88158e-005	9.75646e-007	-6.34425e-006	6.97667e-005	1.40552e-005	0.000100662	0.000122113	0.000152301	6.964e-005	0.00015799	0.000244007	-3.61735e-006	3.41132e-005	1.08862e-005	-7.32737e-005	
0.17092	6.86698e-005	-8.16682e-005	-0.000109812	-0.000340237	-0.000474498	-0.000121127	-1.6269e-005	4.93856e-005	6.26017e-005	7.05531e-005	5.44612e-005	1.43555e-005	4.44505e-005	9.7418e-005	-0.000104251	-0.000148666	-0.000237286	-0.000370053	-0.000235708	-0.000179248	-0.000124688	
0.172005	-7.8045e-006	-0.000157021	-1.50746e-005	-4.75579e-006	-9.30844e-005	-1.51609e-005	-2.81665e-006	3.50249e-005	1.89852e-005	3.13789e-005	-5.31289e-005	1.95497e-005	8.63292e-005	0.000133871	-5.40127e-005	8.01484e-006	-4.21997e-005	-0.000146816	-7.37935e-005	-3.16937e-005	-4.25419e-005	
0.173026	2.92811e-005	-9.66724e-005	-3.06888e-005	0.000104616	2.41892e-005	3.41091e-005	5.24652e-005	0.000100051	8.56296e-005	6.91338e-005	1.94137e-005	2.66101e-005	2.22044e-005	4.2465e-005	-2.11915e-005	6.66698e-005	5.98812e-005	-3.34318e-005	-1.1008e-005	-9.29085e-006	2.25812e-006	
0.17411	-5.49944e-005	-0.000144012	-6.28392e-006	0.000163962	-6.02594e-005	-1.82019e-005	-3.0591e-005	-3.51221e-006	-2.4493e-005	-8.03051e-006	-6.40468e-005	2.40749e-005	1.62022e-005	3.7469e-005	5.38195e-005	0.000125544	0.000118941	-6.9124e-005	-2.69359e-005	-1.62039e-005	-7.29673e-005	
0.175131	3.37334e-005	-0.000100931	-6.14955e-005	3.04184e-006	-0.000172617	-4.45708e-005	3.79418e-005	3.81226e-005	5.31659e-005	8.92563e-005	-9.42894e-006	3.41274e-005	3.09624e-005	4.62339e-005	-3.07865e-005	2.10096e-005	-1.76386e-005	-0.000177452	-0.000154755	-0.000117782	-0.000101575	
0.176152	4.90473e-005	-8.45745e-005	-3.82939e-005	0.000115538	-5.45507e-005	4.37674e-005	8.41995e-006	0.000135626	0.00011298	5.42333e-005	5.44547e-005	2.92315e-005	6.37806e-006	1.61466e-005	-9.45911e-006	9.0024e-005	8.90165e-005	-0.000123946	-6.65932e-005	-2.506e-005	5.53146e-006	
0.177236	2.38916e-005	-0.000120097	-2.93068e-005	-0.000137783	-0.000224924	-2.56655e-005	5.45695e-005	3.25333e-005	7.23553e-005	9.71207e-005	-1.39471e-005	-3.52673e-007	4.30204e-005	6.51255e-005	-3.84916e-005	-4.03424e-005	-9.7866e-005	-0.000192288	-0.000118695	-4.76107e-005	-6.64951e-005	
0.178257	5.93106e-005	-0.000126302	-3.72342e-005	-0.000227836	-0.000216104	-4.73849e-005	5.46394e-006	-7.33543e-006	5.53071e-006	6.38513e-005	7.25888e-006	5.50729e-005	7.60301e-005	0.000102775	-5.39931e-005	-0.000102742	-0.000175608	-0.00022645	-0.000109704	-8.77253e-005	-0.00011157	
0.179342	3.02544e-005	-5.56459e-005	5.13997e-005	5.1603e-005	-0.000163104	4.10942e-005	7.65165e-005	0.000118486	9.00623e-005	7.85792e-005	2.35661e-006	9.4549e-005	0.000134212	0.000154207	3.89371e-005	7.56927e-005	2.06396e-005	-0.000143209	-6.58284e-005	-2.61969e-005	6.22618e-006	
0.180363	1.85237e-005	-0.000110453	-5.27296e-007	7.22915e-005	-0.000223741	-2.0539e-005	1.71722e-005	4.63788e-005	4.58318e-005	4.60405e-005	-1.23666e-006	4.32841e-005	2.82126e-005	3.89837e-005	3.26553e-005	0.000117106	4.10989e-005	-0.00020682	-0.000118114	-0.000108964	-0.00010829	
0.181447	1.90052e-005	-0.000128421	0.0001312	3.50317e-005	-9.17215e-005	1.30758e-005	0.000113726	6.83403e-005	0.000117497	0.000129664	-1.54103e-005	6.47338e-005	0.000102413	0.000133103	0.000133473	0.000174935	8.39834e-005	-0.000137935	-5.88443e-005	2.96211e-005	-3.55005e-005	
0.182468	-1.16426e-005	-0.00011779	-0.000106356	-6.84163e-005	-0.000164021	-6.00206e-005	-2.02727e-005	6.65443e-005	2.30757e-005	7.89144e-005	-4.79691e-005	-7.1062e-006	-1.22731e-005	2.46931e-005	-0.000107114	-2.96693e-005	-3.39786e-005	-0.00019272	-0.000146806	-0.000104035	-3.62481e-005	
0.183553	3.69829e-005	-0.000139698	7.44155e-005	-5.47438e-005	-5.56561e-006	5.68297e-005	6.30142e-005	0.000111454	0.000115445	9.42583e-005	2.425e-005	8.42024e-005	0.000120331	0.000166052	0.000128042	0.00010673	2.86465e-005	-3.80242e-005	3.58424e-005	7.78835e-005	-2.29321e-005	
0.184573	7.55863e-005	-0.00015584	-3.34405e-005	-0.000131306	-0.000304945	-9.5542e-005	9.24679e-006	2.33719e-005	2.99073e-005	7.58841e-005	2.51803e-005	3.35107e-005	6.19852e-005	0.000108567	-6.43262e-005	-5.87164e-005	-8.9811e-005	-0.000328999	-0.000227019	-0.000155833	-0.000100845	
0.185658	4.66509e-005	-7.38894e-005	-5.25859e-005	-0.000127146	-0.000362222	-6.01158e-005	8.47728e-005	0.000127335	0.000120621	0.000132659	3.34613e-005	0.000107238	0.000112925	7.80345e-005	-4.18264e-005	-3.1951e-005	-0.00010185	-0.000310453	-0.000170311	-0.000124322	-7.54166e-005	
0.186679	2.9648e-005	-8.22485e-005	-9.82413e-006	-9.44706e-006	-0.000130881	-5.69641e-006	-8.70251e-005	1.03854e-005	-5.23279e-006	3.514e-005	4.56282e-006	7.79097e-005	8.28731e-005	8.09306e-005	-3.0691e-005	-1.08937e-005	-1.13325e-005	-0.000137536	-8.6318e-005	-1.11841e-005	-5.19702e-005	
0.187763	1.60864e-005	-7.94805e-005	1.2164e-005	0.00011441	7.71382e-005	7.28058e-005	4.03656e-005	0.000118028	0.000103086	5.8924e-005	8.70329e-006	7.72873e-005	8.08712e-005	6.73827e-005	3.30216e-005	0.000138902	0.000106723	2.45952e-005	4.41356e-005	5.65186e-005	-2.60402e-005	
0.188784	8.79087e-007	-0.000110975	-3.16268e-005	-8.18115e-005	-0.000212397	-2.14325e-005	3.9992e-005	8.90026e-005	0.000103203	5.75778e-005	-2.25437e-005	5.41766e-005	6.72951e-005	7.15837e-005	-1.50035e-005	-2.04247e-007	-5.53354e-005	-0.000203321	-0.000140722	-0.000103107	-3.0244e-005	
0.189805	7.80167e-005	-9.84204e-005	-4.88234e-005	-6.0971e-005	-0.000338566	-3.61408e-005	4.94418e-005	0.00010341	0.00010882	8.22895e-005	4.60779e-005	5.42091e-005	7.55547e-005	5.38162e-005	-1.79164e-005	3.63937e-005	7.71234e-006	-0.000280588	-0.000175052	-9.5404e-005	-7.23254e-005	
0.19089	7.66067e-005	-6.52005e-005	-6.03294e-005	1.94424e-006	-0.000141773	-8.31064e-005	-2.69491e-005	3.63623e-005	1.23623e-005	6.03375e-005	2.95527e-005	6.56838e-005	4.45842e-005	5.2699e-005	-5.76636e-005	-1.47565e-005	-2.07186e-005	-0.000177811	-0.000135403	-0.000126493	-0.00011504	
0.19191	6.84542e-006	-0.000224104	6.69155e-005	0.000161481	0.000161949	-3.74855e-005	3.73402e-005	-2.51936e-005	2.51509e-006	7.64007e-005	-5.04697e-005	-3.51296e-005	-1.38458e-006	7.07427e-005	0.000110642	0.000178247	0.000133411	1.26818e-006	9.04517e-007	1.63205e-005	-0.00012976	
0.192995	1.34723e-005	-0.000170833	-2.58995e-005	-2.08265e-006	-4.63067e-005	-3.38149e-005	3.80673e-005	2.93247e-005	3.65461e-005	8.10022e-005	-3.1749e-005	2.95629e-005	6.51044e-005	8.97227e-005	-5.60051e-005	-8.77675e-006	-1.29769e-005	-0.000124282	-9.57013e-005	-7.13819e-005	-6.54231e-005	
0.194016	5.84445e-005	-0.000120129	-7.02375e-005	-0.000108997	-0.000343579	-4.21312e-005	-2.29431e-005	1.18161e-005	-1.73991e-005	6.06982e-005	2.35521e-005	2.45603e-005	5.76569e-005	7.40818e-005	-6.98415e-005	-4.8672e-005	-0.000110824	-0.000297746	-0.000219061	-0.000120235	-9.18857e-005	
0.1951	8.28851e-005	-9.02919e-005	-9.54025e-005	-0.000215034	-0.000313135	-9.49095e-005	6.52289e-005	0.000121815	9.00027e-005	0.000117584	1.42022e-005	4.76864e-005	6.68077e-005	5.65033e-005	-6.45754e-005	-2.68976e-005	-0.000127005	-0.000312187	-0.000233762	-0.00018246	-8.76488e-005	
0.196121	4.35496e-005	-0.000118207	-8.17519e-006	-5.84636e-005	-0.000280727	-2.73218e-005	2.83607e-006	4.30586e-005	7.79549e-005	4.50501e-005	1.25358e-005	5.06128e-005	0.000118355	0.000127408	-1.81647e-005	1.61278e-005	-5.021e-005	-0.000256078	-0.000167036	-0.000117118	-0.000118148	
0.197206	3.31838e-006	-0.00012215	-7.65778e-005	8.14225e-005	-0.00026516	-7.54664e-005	2.25669e-005	0.000101303	0.000124518	5.00057e-005	-2.66469e-005	2.23016e-005	2.94998e-005	5.04259e-005	-5.26495e-005	3.14897e-005	5.70782e-005	-0.000284566	-0.000201567	-0.000160429	-7.92213e-005	
0.198227	4.87482e-005	-4.33659e-005	3.155e-005	-0.000153219	-0.000431793	-8.77235e-005	5.11441e-006	3.168e-005	1.69171e-005	6.24611e-005	3.29336e-005	0.000134215	0.000170385	0.000173429	3.85608e-005	1.16098e-005	-7.65041e-005	-0.000373275	-0.000210216	-0.000143986	-9.56757e-005	
0.199311	-4.92624e-007	-0.000165569	-6.83498e-006	-7.16257e-005	-0.000203049	-2.58652e-006	1.54419e-005	6.60525e-005	4.39491e-005	3.7497e-005	-6.37202e-005	7.67532e-006	3.98963e-005	9.3118e-005	-4.68837e-006	5.90624e-005	-7.75695e-006	-0.000219165	-0.000124236	-3.89417e-005	-7.73685e-005	
0.200332	-8.42447e-008	-5.26878e-005	-4.3216e-008	-7.10747e-005	-0.000201785	-5.22102e-005	2.24464e-005	1.14482e-005	1.10001e-005	3.69296e-005	6.91625e-006	8.62899e-005	8.48581e-005	0.000129057	-2.80704e-005	-1.85861e-006	-3.16388e-005	-0.000225052	-0.000156293	-9.04752e-005	-0.000110481	
0.201353	3.92429e-005	-0.000107853	-6.06297e-005	9.59066e-005	-0.00016094	-3.5228e-005	-4.09809e-006	5.64615e-005	4.3356e-005	7.96288e-005	-1.36658e-005	8.46173e-005	7.09853e-005	5.78178e-005	-1.11398e-005	9.09237e-005	7.9783e-005	-0.000215293	-0.000168057	-0.00012058	-6.38897e-005	
0.202437	5.06213e-005	-0.00012037	-3.23967e-005	-0.000199008	-0.000345322	1.38302e-005	2.35565e-005	9.05663e-005	0.000104915	6.77826e-005	1.80774e-005	1.27277e-005	3.48438e-005	7.06987e-005	-3.08856e-005	-5.45064e-005	-0.000129562	-0.000271612	-0.000149307	-3.53063e-005	-4.26202e-005	
0.203458	5.36543e-005	-0.00020722	-4.88178e-005	-0.000174056	-0.000267914	-7.14393e-005	-5.04724e-005	2.83612e-005	8.3163e-006	4.48113e-005	1.58187e-005	3.05835e-005	0.000119589	0.000146425	-7.50154e-005	-6.57482e-005	-0.000136843	-0.000264705	-0.000212359	-0.000140112	-0.000129624	
0.204543	6.6912e-005	-3.56997e-005	7.98565e-006	2.06478e-005	-0.000199347	-0.000108975	7.28082e-005	-2.04653e-005	2.29562e-005	0.000105796	6.69471e-005	0.000204057	0.000187487	0.000199878	-3.78008e-006	2.52843e-005	-5.876e-006	-0.000219014	-0.000183102	-0.000169251	-0.00011764	
0.205564	7.24002e-005	-0.000159039	-7.75111e-005	-0.000149861	-0.000363395	-1.72514e-005	7.53176e-005	0.000159804	0.000135637	0.00010177	3.69113e-006	-3.9013e-006	2.8141e-005	5.9901e-005	-6.37533e-005	-4.50457e-005	-0.000124162	-0.000292971	-0.000179056	-8.37612e-005	-7.39591e-006	
0.206648	-3.75055e-005	-0.00019869	-0.000112346	-0.000195354	-0.000363771	-0.000191141	-4.41601e-005	-2.36015e-005	-2.3838e-005	4.23148e-006	-6.75876e-005	-1.38022e-005	-1.3202e-006	2.4435e-005	-9.16295e-005	-8.34051e-005	-0.000162174	-0.000343139	-0.000268375	-0.000239703	-0.000185036	
0.207669	-3.387e-006	-0.00016328	-8.23352e-006	-4.40295e-005	-0.000267947	-8.02457e-005	3.67379e-006	-4.06889e-006	7.0562e-006	3.99503e-005	-5.03056e-005	8.50483e-006	7.4663e-005	0.000119414	-1.66849e-005	3.30778e-005	-5.24867e-005	-0.00027441	-0.000199518	-0.000163504	-0.00012599	
0.208754	-4.07465e-006	-0.000119439	-2.66698e-005	-5.35601e-005	-0.000278473	1.98509e-005	-2.80579e-005	4.63693e-005	1.80187e-005	5.33841e-005	-2.18091e-005	7.36923e-005	8.8748e-005	8.02316e-005	-1.04044e-005	2.69324e-005	-4.59704e-005	-0.000246598	-0.000134452	-7.04058e-005	-6.43369e-005	
0.209774	6.06717e-005	-0.000108723	-3.54816e-005	7.26984e-005	4.6454e-006	1.46987e-005	3.61308e-005	6.06445e-005	7.97123e-005	7.63148e-005	4.14783e-005	4.11654e-005	5.8287e-005	8.33155e-005	3.75129e-005	0.000136246	8.52166e-005	-7.03944e-005	-3.0343e-005	-3.55961e-005	-5.73866e-005	
0.210859	4.42219e-005	-0.000129014	-0.000114441	1.34075e-005	-0.000252926	-6.67851e-005	5.40808e-006	7.055e-005	2.72327e-005	0.000108849	4.17766e-006	5.94405e-005	4.27129e-005	2.49428e-005	-3.67097e-005	6.22509e-005	3.10648e-006	-0.000269025	-0.000162578	-0.000120102	-9.71851e-005	
0.21188	2.13222e-005	-0.000140156	-5.86499e-005	-0.000148013	-0.000346382	-0.000104299	-2.94666e-005	4.31904e-005	5.19643e-005	5.81848e-005	-3.30578e-006	0.000100043	0.000142066	0.00011661	-6.57147e-005	-2.54422e-005	-8.86391e-005	-0.000357794	-0.000197526	-0.000185614	-0.000125213	
0.212901	6.27673e-005	-0.000157491	-0.000102891	-5.89983e-005	-0.000309164	-8.99555e-005	6.08197e-005	1.54531e-005	4.82864e-005	5.92456e-005	7.64048e-006	3.38769e-006	6.52045e-006	4.15572e-005	-8.36779e-005	-2.06762e-005	-6.4107e-005	-0.000285987	-0.000196388	-0.000169649	-0.000112887	
0.213985	2.99813e-005	-0.000105376	-5.60248e-005	-0.000178418	-0.000316828	-1.80154e-005	2.99279e-006	4.47697e-005	4.36395e-005	6.5525e-005	-5.04332e-006	4.52932e-005	4.67518e-005	6.23403e-005	-5.94817e-005	-1.11047e-005	-0.000106394	-0.000250419	-0.000119979	-0.000103509	-7.63942e-005	
0.215006	5.28542e-005	-0.000136233	-4.50005e-005	-4.361e-005	-0.000131448	-2.22556e-005	8.22295e-005	7.96662e-005	7.38039e-005	0.000103184	-7.4548e-007	1.46603e-005	5.16863e-005	7.4324e-005	-5.69942e-005	3.03089e-005	-2.45501e-005	-0.000168878	-0.000141394	-7.20871e-005	-8.4754e-005	
0.216091	8.58063e-005	-0.000197049	-0.000113225	-0.00016412	-0.000288654	-6.96652e-005	1.35491e-005	3.63561e-005	6.2215e-005	0.000143987	3.24052e-005	5.33739e-006	8.67673e-006	1.38056e-005	-9.93604e-005	-8.53266e-005	-0.000118099	-0.000306768	-0.000192098	-0.000144123	-0.000108734	
0.217111	5.97446e-006	-0.000163666	-9.16495e-005	8.81804e-005	-0.000223922	-5.18586e-005	2.28204e-005	4.12015e-005	3.708e-005	8.33025e-005	5.83835e-006	-2.09968e-006	2.88722e-005	0.000118055	-8.24799e-005	-9.166e-006	-9.20814e-006	-0.000212884	-0.000140381	-8.87559e-005	-8.57024e-005	
0.218196	3.5735e-005	-0.000206977	-0.000101379	0.000135368	-5.54408e-005	-7.89791e-005	4.5421e-005	7.96336e-005	7.9871e-005	7.44556e-005	2.70447e-006	2.14741e-005	6.57771e-005	8.47573e-005	-8.56244e-005	5.08309e-005	3.26465e-005	-0.000168395	-0.00012636	-0.000115964	-5.36839e-005	
0.219217	3.70852e-005	-0.000177048	1.43816e-005	-6.90817e-005	-0.000178492	1.35858e-005	5.63788e-005	6.40321e-005	0.000109888	7.09325e-005	-8.30271e-006	4.97978e-005	9.41017e-005	0.000150823	-4.83869e-006	-2.22607e-006	-8.93759e-005	-0.000184376	-0.000115742	-5.0804e-005	-7.78134e-005	