;    R,m    Z,m      dR,m    dZ,m    n   ty
pf1  
.14455  .60400  7.2400E-02  5.4000E-02  4.8000E+01   4    Z
.14455 -.60400  7.2400E-02  5.4000E-02  4.8000E+01   4    z
pf2  
3.3400E-01  6.4500E-01  4.2000E-02  7.1500E-02  5.3000E+01   4    Z
3.3400E-01 -6.4500E-01  4.2000E-02  7.1500E-02  5.3000E+01   4     z
pf3  
8.8500E-01  3.1000E-01  4.9200E-02  9.1800E-02  2.4000E+01   4     Z
8.8500E-01 -3.1000E-01  4.9200E-02  9.1800E-02  2.4000E+01   4    z
hfc  
0.555   0.488   0.022    0.022    8.   4   Z
0.555  -0.488   0.022    0.022   -8.   4   z
0.665   0.3065  0.022    0.022    8.   4   Z
0.665  -0.3065  0.022    0.022   -8.   4   z 
vfc
0.665   0.28    0.022    0.029   11.   4   R
0.665  -0.28    0.022    0.029   11.   4   R
cc    
3.3400E-01  5.9400E-01  4.2000E-02  2.9000E-02  2.3000E+01   4   R
3.3400E-01 -5.9400E-01  4.2000E-02  2.9000E-02  2.3000E+01   4   R
5.5500E-01  4.6500E-01  2.2000E-02  2.2000E-02  8.0000E+00   4    R
5.5500E-01 -4.6500E-01  2.2000E-02  2.2000E-02  8.0000E+00   4     R
8.8500E-01  2.5300E-01  2.2000E-02  1.5000E-02  6.0000E+00   4      z
8.8500E-01 -2.5300E-01  2.2000E-02  1.5000E-02  6.0000E+00   4       Z
cs
.071  	0       .005    1.28   22.9      4
.076	0       .005    1.28   16.04     4		
.081	0       .005    1.28    20.06    4
.0895	 -.00   .005    1.28    22.61    4
.0945           -.00   .005    1.28    16.06    4
.0995           -.00   .005    1.28    20.33    4
